dataset: /home/anton/data/eyedata/iris/casia4i.json
filters: # Threshold @ 2.0
  bilateral_filter: # @ 2.5
    sigma_c: 57.413793103448306
    sigma_s: 10.827586206896552
  gaussian_noise:
    loc: 0.0
    scale: 36.36363636363637
  gaussian_filter: # @ 2.5
    sigma: 2.5252525252525255
  mean_filter:
    size: 3
  median_filter:
    size: 5
  non_local_means:
    h: 42.42424242424242
  uniform_noise:
    intensity: 106.06060606060602
  cauchy_noise:
    scale: 7.929292929292928
  laplacian_noise:
    scale: 27.27272727272726
  snow:
    density: 0.2475757575757577
  salt_and_pepper:
    intensity: 114.31034482758619
    density: 0.36
  super_filter:
    sigma_c: 37.77777777777781
    sigma_s: 11.555555555555548
    scale: 8.736842105263152
  super_filter_reverse:
    sigma_c: 32.2222222222222
    sigma_s: 17.8888888888889
    scale: 16.473684210526304
parameters:
  angles: 6
  epsilon: 0.0001
  resolution:
    angular: 100
    radial: 10
  rotation:
    num: 7
    step_size: 3
  scales: 4
